proj:       1
zone:       0
north:      4230590
south:      4230440
east:       290943
west:       290755
cols:       1000
rows:       797
e-w resol:  0.188
n-s resol:  0.188
top:        1.000000000000000
bottom:     0.000000000000000
cols3:      10000
rows3:      7978
depths:     1
e-w resol3: 0.0188
n-s resol3: 0.0188
t-b resol:  1
